1 0.548438 0.329688 0.060937 0.051562
1 0.757812 0.468750 0.060937 0.054688
1 0.785937 0.632812 0.070312 0.060937
1 0.610938 0.646875 0.064062 0.057813
1 0.401562 0.662500 0.062500 0.051562
1 0.201563 0.665625 0.075000 0.060937
1 0.190625 0.468750 0.065625 0.059375
1 0.378125 0.432812 0.090625 0.070312
1 0.270313 0.314063 0.089063 0.067187
1 0.289062 0.396875 0.090625 0.081250
1 0.328125 0.271875 0.081250 0.079687
1 0.367188 0.329688 0.076563 0.089063
1 0.412500 0.396875 0.073438 0.070312
2 0.296875 0.346875 0.075000 0.071875
1 0.340625 0.393750 0.081250 0.089063
