1 0.782813 0.367188 0.060937 0.056250
1 0.759375 0.531250 0.053125 0.056250
1 0.548438 0.670312 0.045312 0.056250
1 0.612500 0.354687 0.060937 0.057813
1 0.398438 0.339062 0.050000 0.051562
1 0.196875 0.334375 0.070312 0.057813
1 0.189062 0.531250 0.060937 0.059375
1 0.368750 0.485938 0.070312 0.085938
1 0.282813 0.512500 0.081250 0.079687
1 0.268750 0.671875 0.084375 0.084375
1 0.431250 0.523438 0.079687 0.071875
1 0.387500 0.581250 0.084375 0.079687
1 0.262500 0.589063 0.075000 0.085938
1 0.320312 0.620313 0.070312 0.071875
1 0.337500 0.554688 0.065625 0.079687
