1 0.781927 0.634118 0.068248 0.063529
1 0.609542 0.650000 0.064718 0.060000
1 0.758981 0.471765 0.060011 0.065882
1 0.397739 0.663529 0.050598 0.051765
1 0.197702 0.670588 0.074131 0.063529
1 0.189465 0.470000 0.057658 0.060000
2 0.547178 0.332353 0.074131 0.076471
1 0.368910 0.525294 0.072955 0.092941
1 0.294190 0.487059 0.078838 0.075294
1 0.430097 0.483529 0.080015 0.080000
1 0.387737 0.428235 0.084721 0.080000
1 0.260066 0.417647 0.074131 0.089412
1 0.268891 0.330000 0.089428 0.076471
1 0.317724 0.387059 0.090605 0.084706
