/* labels for image0.jpg */
2 413 417 39 43
2 521 410 42 42
2 508 305 40 34
2 375 214 29 32
2 217 220 38 38
2 144 298 37 38
2 150 425 42 44
2 277 424 35 34
/* labels for image1.jpg */
2 376 213 34 36
2 509 307 36 36
2 522 409 41 41
2 413 417 39 39
2 276 423 36 34
2 147 426 43 42
2 144 299 38 37
1 215 220 50 48
/* labels for image2.jpg */
1 141 297 51 55
1 215 220 53 54
2 374 215 33 35
2 509 306 38 36
2 521 408 38 36
2 413 415 33 37
2 276 423 34 33
2 147 425 42 41
/* labels for image3.jpg */
2 275 425 36 41
2 412 415 38 42
2 521 407 44 47
2 505 304 39 39
2 373 213 34 37
1 215 219 57 55
1 141 298 48 50
1 148 423 51 51
/* labels for image4.jpg */
1 275 420 48 54
1 149 425 53 52
1 141 297 52 55
1 215 219 51 51
2 376 212 34 36
2 506 304 39 38
2 522 408 38 45
2 413 413 38 41
/* labels for image5.jpg */
2 524 408 39 40
2 507 304 34 31
2 375 213 32 33
1 414 417 48 51
1 274 423 48 48
1 149 426 46 45
1 141 297 48 48
1 215 220 48 48
/* labels for image6.jpg */
1 519 408 49 49
1 413 417 50 51
1 275 423 46 48
1 148 425 50 52
1 140 298 57 55
1 215 219 50 51
2 376 212 41 41
2 507 303 39 40
