/* labels for image0.jpg */
2 413 417 39 43
2 521 410 42 42
2 508 305 40 34
2 375 214 29 32
2 217 220 38 38
2 144 298 37 38
2 150 425 42 44
2 277 424 35 34
/* labels for image1.jpg */
2 376 213 34 36
2 509 307 36 36
2 522 409 41 41
2 413 417 39 39
2 276 423 36 34
2 147 426 43 42
2 144 299 38 37
1 215 220 50 48
/* labels for image10.jpg */
1 131 307 60 55
1 203 211 66 63
2 518 410 48 48
2 413 416 48 48
2 273 422 49 47
2 146 423 56 51
2 374 212 50 51
2 505 304 48 49
/* labels for image100.jpg */
1 517 394 42 41
1 407 406 37 41
1 498 291 35 33
1 362 204 30 36
2 268 418 47 51
2 142 428 54 51
2 131 298 49 48
2 203 220 48 51
/* labels for image101.jpg */
2 408 409 51 50
2 270 417 51 49
2 142 427 51 50
2 132 298 50 51
2 203 219 53 53
1 364 204 36 37
1 497 289 41 40
1 518 395 42 45
/* labels for image102.jpg */
1 498 292 36 34
1 365 206 35 37
2 516 394 51 53
2 410 407 51 49
2 271 419 49 50
2 142 426 49 50
2 132 298 56 54
2 202 217 54 50
/* labels for image103.jpg */
2 490 294 48 53
2 504 397 48 48
2 401 408 49 49
2 259 416 53 49
2 132 422 55 54
2 125 295 51 51
2 196 214 52 50
1 356 205 32 37
/* labels for image104.jpg */
2 399 407 51 47
2 506 397 51 47
2 490 293 46 52
2 357 206 51 48
2 196 215 50 45
2 124 293 55 52
2 133 421 54 52
2 259 416 55 51
/* labels for image11.jpg */
1 134 435 76 66
1 131 307 59 51
1 201 211 62 58
2 274 421 51 48
2 414 414 50 48
2 520 408 52 49
2 505 303 50 54
2 373 211 46 47
/* labels for image12.jpg */
1 284 429 66 56
1 130 435 74 61
1 127 305 60 54
1 202 211 64 60
2 413 416 46 51
2 518 409 51 49
2 503 305 47 51
2 373 212 48 48
/* labels for image13.jpg */
2 519 409 51 50
2 503 306 48 50
2 372 212 51 48
1 426 420 65 58
1 288 430 63 57
1 131 436 76 62
1 131 306 64 56
1 201 214 60 58
/* labels for image14.jpg */
1 131 436 72 62
1 286 431 61 59
1 425 420 60 59
1 514 400 57 56
1 133 304 62 56
1 201 210 64 60
2 506 307 50 54
2 373 211 59 50
/* labels for image15.jpg */
2 373 212 50 51
1 519 301 54 57
1 513 401 51 62
1 423 419 64 52
1 286 425 54 57
1 126 437 72 60
1 128 308 60 59
1 199 212 58 57
/* labels for image2.jpg */
1 141 297 51 55
1 215 220 53 54
2 374 215 33 35
2 509 306 38 36
2 521 408 38 36
2 413 415 33 37
2 276 423 34 33
2 147 425 42 41
/* labels for image3.jpg */
2 275 425 36 41
2 412 415 38 42
2 521 407 44 47
2 505 304 39 39
2 373 213 34 37
1 215 219 57 55
1 141 298 48 50
1 148 423 51 51
/* labels for image4.jpg */
1 275 420 48 54
1 149 425 53 52
1 141 297 52 55
1 215 219 51 51
2 376 212 34 36
2 506 304 39 38
2 522 408 38 45
2 413 413 38 41
/* labels for image5.jpg */
2 524 408 39 40
2 507 304 34 31
2 375 213 32 33
1 414 417 48 51
1 274 423 48 48
1 149 426 46 45
1 141 297 48 48
1 215 220 48 48
/* labels for image6.jpg */
1 519 408 49 49
1 413 417 50 51
1 275 423 46 48
1 148 425 50 52
1 140 298 57 55
1 215 219 50 51
2 376 212 41 41
2 507 303 39 40
