/* labels for image0.jpg */
0 589 44 72 100
0 -346 207 143 97
0 -86 208 90 91
0 187 188 102 88
0 406 174 91 87
0 382 -33 82 81
1 114 -213 73 78
1 340 -242 176 144
1 -117 -133 215 94
1 -374 -172 108 91
1 -151 -320 240 51
/* labels for image1.jpg */
2 -212 -195 114 117
1 -351 -47 90 82
1 -344 209 103 93
1 -87 209 78 87
1 184 191 78 81
1 399 178 94 97
1 372 -29 79 73
1 111 -213 61 67
/* labels for image2.jpg */
1 -344 213 82 88
1 -89 206 63 75
1 183 195 87 70
1 401 180 99 84
1 369 -27 87 88
1 112 -211 72 61
2 -356 -39 108 114
2 -207 -199 112 109
/* labels for image3.jpg */
2 -344 214 115 109
2 -362 -44 112 100
2 -206 -196 90 109
1 -86 210 96 91
1 183 196 100 97
1 405 181 85 91
1 375 -30 75 76
1 107 -213 79 85
