/* LABELS FOR image0.jpg */
0 -341 209 96 96
0 -85 213 75 79
0 -350 -48 79 81
0 -207 -200 93 81
0 192 198 81 82
0 404 179 125 100
0 375 -22 96 75
0 124 -206 88 78
/* LABELS FOR image1.jpg */
0 -344 216 85 88
0 -354 -39 88 94
0 -88 208 72 73
0 186 192 108 90
0 405 185 88 85
0 377 -30 85 79
0 115 -214 70 70
/* LABELS FOR image2.jpg */
0 -344 212 96 90
0 -87 208 78 76
0 186 195 93 87
0 406 178 81 85
0 378 -28 81 78
0 111 -211 72 64
/* LABELS FOR image3.jpg */
0 -85 205 75 67
0 188 196 84 82
0 405 178 79 79
0 375 -27 73 70
0 109 -209 69 63
/* LABELS FOR image4.jpg */
0 191 194 81 75
0 402 181 84 79
0 377 -28 76 72
0 112 -208 72 73
/* LABELS FOR image5.jpg */
0 405 180 82 75
0 376 -27 78 75
0 111 -207 69 73
/* LABELS FOR image6.jpg */
0 377 -28 70 72
0 109 -211 66 61
/* LABELS FOR image7.jpg */
0 115 -212 64 69
/* LABELS FOR image8.jpg */
/* LABELS FOR image9.jpg */
0 -234 -211 138 128
/* LABELS FOR image10.jpg */
0 -375 -27 115 111
0 -234 -217 129 121
/* LABELS FOR image11.jpg */
0 -375 236 146 126
0 -376 -27 126 112
0 -237 -218 128 120
/* LABELS FOR image12.jpg */
0 -237 -216 131 126
0 -378 -27 120 111
0 -376 233 147 126
0 -71 219 134 112
0 144 -52 0 0
