/* labels for image0.jpg */
2 186 195 102 85
2 408 174 91 84
2 378 -30 76 73
2 108 -211 61 73
2 -205 -201 75 78
2 -350 -43 70 78
2 -347 207 102 91
2 -83 207 63 73
/* labels for image1.jpg */
2 -343 212 97 90
2 -87 210 73 70
2 188 191 82 81
2 406 176 87 94
2 375 -28 81 75
2 107 -211 69 73
2 -353 -45 76 75
1 -211 -203 108 108
/* labels for image2.jpg */
2 -347 213 87 85
2 -88 207 67 66
2 186 195 69 82
2 405 180 91 84
2 379 -31 70 75
2 109 -213 57 64
1 -366 -43 123 114
1 -217 -198 144 121
/* labels for image104.jpg */
1 370 155 94 99
1 339 -57 96 102
1 67 -232 106 109
1 -245 -204 106 105
1 -393 -54 117 114
1 -375 206 99 102
1 -116 192 99 105
1 161 173 103 109
