/* labels for image0.jpg */
2 413 417 39 43
2 521 410 42 42
2 508 305 40 34
2 375 214 29 32
2 217 220 38 38
2 144 298 37 38
2 150 425 42 44
2 277 424 35 34
/* labels for image1.jpg */
2 376 213 34 36
2 509 307 36 36
2 522 409 41 41
2 413 417 39 39
2 276 423 36 34
2 147 426 43 42
2 144 299 38 37
1 215 220 50 48
/* labels for image10.jpg */
1 131 307 60 55
1 203 211 66 63
2 518 410 48 48
2 413 416 48 48
2 273 422 49 47
2 146 423 56 51
2 374 212 50 51
2 505 304 48 49
/* labels for image100.jpg */
1 517 394 42 41
1 407 406 37 41
1 498 291 35 33
1 362 204 30 36
2 268 418 47 51
2 142 428 54 51
2 131 298 49 48
2 203 220 48 51
/* labels for image101.jpg */
2 408 409 51 50
2 270 417 51 49
2 142 427 51 50
2 132 298 50 51
2 203 219 53 53
1 364 204 36 37
1 497 289 41 40
1 518 395 42 45
/* labels for image102.jpg */
1 498 292 36 34
1 365 206 35 37
2 516 394 51 53
2 410 407 51 49
2 271 419 49 50
2 142 426 49 50
2 132 298 56 54
2 202 217 54 50
/* labels for image103.jpg */
2 490 294 48 53
2 504 397 48 48
2 401 408 49 49
2 259 416 53 49
2 132 422 55 54
2 125 295 51 51
2 196 214 52 50
1 356 205 32 37
/* labels for image104.jpg */
2 399 407 51 47
2 506 397 51 47
2 490 293 46 52
2 357 206 51 48
2 196 215 50 45
2 124 293 55 52
2 133 421 54 52
2 259 416 55 51
/* labels for image11.jpg */
1 134 435 76 66
1 131 307 59 51
1 201 211 62 58
2 274 421 51 48
2 414 414 50 48
2 520 408 52 49
2 505 303 50 54
2 373 211 46 47
/* labels for image12.jpg */
1 284 429 66 56
1 130 435 74 61
1 127 305 60 54
1 202 211 64 60
2 413 416 46 51
2 518 409 51 49
2 503 305 47 51
2 373 212 48 48
/* labels for image13.jpg */
2 519 409 51 50
2 503 306 48 50
2 372 212 51 48
1 426 420 65 58
1 288 430 63 57
1 131 436 76 62
1 131 306 64 56
1 201 214 60 58
/* labels for image14.jpg */
1 131 436 72 62
1 286 431 61 59
1 425 420 60 59
1 514 400 57 56
1 133 304 62 56
1 201 210 64 60
2 506 307 50 54
2 373 211 59 50
/* labels for image15.jpg */
2 373 212 50 51
1 519 301 54 57
1 513 401 51 62
1 423 419 64 52
1 286 425 54 57
1 126 437 72 60
1 128 308 60 59
1 199 212 58 57
/* labels for image16.jpg */
1 136 427 62 49
1 283 422 58 51
1 421 416 63 52
1 518 400 59 61
1 516 299 60 52
1 363 228 53 61
1 201 208 60 54
1 129 307 51 51
/* labels for image17.jpg */
2 212 220 48 54
1 130 306 58 53
1 138 427 52 48
1 283 420 65 51
1 425 417 60 55
1 519 400 56 57
1 515 298 65 51
1 363 227 51 61
/* labels for image18.jpg */
1 422 417 65 52
1 286 422 64 51
1 362 229 53 61
1 515 298 59 52
1 518 406 53 48
1 135 426 57 47
2 137 296 52 47
2 211 219 51 53
/* labels for image19.jpg */
2 140 297 54 50
2 214 221 51 53
2 146 426 53 49
1 283 424 54 54
1 424 414 55 52
1 521 407 49 49
1 515 299 59 57
1 361 229 57 60
/* labels for image2.jpg */
1 141 297 51 55
1 215 220 53 54
2 374 215 33 35
2 509 306 38 36
2 521 408 38 36
2 413 415 33 37
2 276 423 34 33
2 147 425 42 41
/* labels for image20.jpg */
1 423 417 62 54
1 519 408 52 51
1 514 299 62 54
1 365 227 54 60
2 212 220 54 54
2 139 296 54 49
2 144 426 48 48
2 271 422 53 53
/* labels for image21.jpg */
2 406 417 54 57
2 269 424 51 51
2 142 426 54 52
2 135 297 53 47
2 210 220 51 51
1 517 408 51 54
1 514 300 52 54
1 360 225 51 58
/* labels for image22.jpg */
1 513 300 57 54
1 361 225 51 54
2 141 426 55 55
2 268 424 54 51
2 408 418 54 52
2 515 410 51 51
2 137 298 48 51
2 210 220 54 48
/* labels for image23.jpg */
2 141 427 48 49
2 269 423 48 48
2 407 417 46 51
2 515 410 48 48
2 500 307 48 49
2 137 296 53 47
2 209 221 52 49
1 361 225 50 52
/* labels for image24.jpg */
2 407 416 51 45
2 515 410 53 51
2 502 307 49 57
2 368 213 51 49
2 211 219 51 50
2 135 295 51 56
2 141 426 52 57
2 271 422 52 50
/* labels for image25.jpg */
2 135 296 54 54
2 137 428 52 51
2 266 426 53 51
2 401 421 51 49
2 510 414 54 53
2 498 309 48 51
1 201 217 55 55
2 367 215 49 50
/* labels for image26.jpg */
2 137 426 52 51
2 265 425 50 46
2 404 421 49 51
2 511 413 50 50
2 497 310 50 47
2 365 216 51 48
1 203 217 50 52
1 126 296 51 51
/* labels for image27.jpg */
1 130 426 55 51
1 125 299 54 52
1 201 217 54 53
2 264 425 54 47
2 402 420 51 49
2 511 415 49 47
2 496 310 48 52
2 365 216 51 51
/* labels for image28.jpg */
2 367 217 49 46
2 497 312 48 48
2 510 417 50 51
2 401 421 51 50
1 264 429 57 54
1 130 428 55 51
1 127 297 50 54
1 203 218 50 52
/* labels for image29.jpg */
2 513 415 49 47
2 500 311 47 47
2 368 216 48 49
1 408 422 53 54
1 266 430 55 49
1 133 428 57 50
1 133 300 57 53
1 205 219 57 51
/* labels for image3.jpg */
2 275 425 36 41
2 412 415 38 42
2 521 407 44 47
2 505 304 39 39
2 373 213 34 37
1 215 219 57 55
1 141 298 48 50
1 148 423 51 51
/* labels for image30.jpg */
1 513 414 51 52
1 406 423 56 49
1 265 431 51 50
1 131 428 57 56
1 132 301 56 49
1 202 220 55 54
2 497 311 48 47
2 368 219 53 44
/* labels for image31.jpg */
1 514 413 53 50
1 504 318 55 55
1 408 423 53 49
1 267 431 56 54
1 136 428 51 49
1 133 301 49 50
1 203 219 54 53
2 367 216 49 48
/* labels for image32.jpg */
1 513 414 52 54
1 505 318 51 50
1 369 203 50 60
1 203 220 51 51
1 130 302 54 54
1 136 430 50 46
1 266 433 51 53
1 407 423 51 50
/* labels for image33.jpg */
1 408 423 48 46
1 512 413 49 45
1 503 319 54 54
1 367 205 54 60
1 265 433 51 51
1 132 428 51 50
1 132 301 55 48
2 209 222 48 51
/* labels for image34.jpg */
2 136 300 53 54
2 208 223 50 47
1 135 429 52 52
1 265 431 56 53
1 407 425 51 48
1 512 413 54 47
1 504 320 54 54
1 366 203 54 60
/* labels for image35.jpg */
1 264 432 48 57
1 407 424 55 51
1 511 413 58 52
1 502 322 57 57
1 370 204 54 58
2 137 428 47 51
2 135 299 54 48
2 207 225 50 51
/* labels for image36.jpg */
2 266 426 49 51
2 135 428 51 50
2 133 299 49 46
2 207 224 56 49
1 405 424 54 47
1 512 412 50 51
1 503 319 51 57
1 367 203 51 58
/* labels for image37.jpg */
1 510 414 49 49
1 503 318 52 54
1 369 200 51 59
2 208 224 45 48
2 135 299 51 54
2 134 428 53 52
2 266 426 55 54
2 405 422 51 54
/* labels for image38.jpg */
2 405 424 52 49
2 509 414 47 43
2 267 426 45 49
2 135 430 48 50
2 134 302 54 49
2 209 225 52 52
1 505 319 56 53
1 367 206 50 63
/* labels for image39.jpg */
1 366 205 50 62
2 498 310 51 51
2 508 414 51 48
2 407 420 51 48
2 267 425 51 48
2 137 429 52 53
2 135 299 55 53
2 208 222 52 61
/* labels for image4.jpg */
1 275 420 48 54
1 149 425 53 52
1 141 297 52 55
1 215 219 51 51
2 376 212 34 36
2 506 304 39 38
2 522 408 38 45
2 413 413 38 41
/* labels for image40.jpg */
2 368 217 47 50
2 207 224 47 44
2 134 300 56 50
2 136 429 56 49
2 268 426 51 46
2 406 422 51 50
2 510 416 52 48
2 500 312 57 54
/* labels for image41.jpg */
2 366 218 48 48
2 498 312 51 47
2 509 416 45 44
2 405 422 50 48
2 266 428 54 51
2 136 429 57 51
2 135 302 52 52
1 244 266 48 48
1 209 226 36 33
/* labels for image42.jpg */
1 287 268 52 65
1 207 223 42 37
1 132 227 58 57
1 131 303 44 39
2 402 426 47 48
2 507 419 49 45
2 496 316 47 53
2 367 220 47 48
2 263 427 51 50
2 131 429 56 48
/* labels for image43.jpg */
2 401 424 46 52
2 507 418 51 50
2 495 316 45 49
2 364 219 51 52
1 286 268 58 52
1 207 224 39 36
1 135 428 49 44
1 102 395 64 60
1 132 301 40 40
1 133 226 68 52
2 262 428 54 51
/* labels for image44.jpg */
2 495 316 46 50
2 509 419 50 45
2 404 424 48 46
2 366 221 56 53
1 264 429 30 31
1 250 393 58 57
1 285 267 50 51
1 205 225 39 37
1 135 226 67 56
1 134 302 43 29
1 103 400 67 54
1 135 428 44 39
/* labels for image49.jpg */
2 204 225 53 50
1 134 432 68 52
1 262 428 38 38
1 400 419 46 36
1 508 417 36 39
1 494 312 41 42
1 364 220 36 36
1 129 298 36 39
1 241 386 55 52
1 360 350 55 51
1 393 352 64 48
1 242 318 61 42
1 292 262 59 48
/* labels for image5.jpg */
2 524 408 39 40
2 507 304 34 31
2 375 213 32 33
1 414 417 48 51
1 274 423 48 48
1 149 426 46 45
1 141 297 48 48
1 215 220 48 48
/* labels for image50.jpg */
1 399 421 42 43
1 509 417 47 42
1 495 313 42 43
1 362 219 35 40
1 259 428 30 35
1 135 436 61 54
1 242 390 61 56
1 289 264 54 51
1 353 359 54 48
1 390 353 59 53
2 129 303 51 48
2 203 225 55 49
/* labels for image51.jpg */
1 260 429 36 31
1 242 389 52 62
1 398 423 45 46
1 355 356 45 47
1 393 350 64 57
1 504 420 47 38
1 494 314 39 36
1 362 219 33 42
1 293 264 58 54
2 130 429 55 49
2 126 302 54 51
2 201 226 57 51
/* labels for image52.jpg */
2 261 429 54 48
2 129 428 48 45
2 128 301 52 51
2 203 224 55 45
1 396 421 44 35
1 508 420 46 45
1 497 313 39 36
1 363 220 42 44
1 293 264 58 48
1 358 358 54 45
1 389 347 48 52
/* labels for image53.jpg */
1 507 419 46 36
1 495 313 37 33
1 414 273 53 65
1 362 220 40 42
1 302 242 61 45
2 204 224 51 47
2 130 301 47 45
2 131 428 53 48
2 262 428 51 51
2 399 423 48 45
/* labels for image54.jpg */
1 497 315 36 33
1 414 272 51 62
1 363 219 37 38
2 507 417 51 51
2 399 423 53 50
2 261 428 51 48
2 130 430 54 48
2 128 300 50 45
2 204 225 49 49
/* labels for image55.jpg */
1 421 208 46 60
1 365 220 35 38
2 493 314 49 48
2 504 417 53 51
2 400 422 51 46
2 260 428 49 48
2 131 428 48 50
2 130 303 53 51
2 203 226 50 49
/* labels for image56.jpg */
2 201 224 51 48
2 128 301 50 46
2 133 429 51 48
2 262 426 48 47
2 398 423 46 48
2 505 414 45 48
2 492 312 49 49
2 361 217 53 49
/* labels for image57.jpg */
1 201 223 51 51
2 261 428 50 50
2 399 420 54 55
2 505 413 56 54
2 491 310 51 51
2 359 216 54 51
2 128 298 57 49
2 131 428 57 48
/* labels for image58.jpg */
2 259 426 52 49
2 132 429 51 43
2 398 420 49 49
2 504 414 50 46
2 494 309 47 49
2 361 216 48 46
1 125 299 50 49
1 198 223 54 52
/* labels for image59.jpg */
1 126 427 52 50
1 200 222 51 51
1 125 298 58 51
2 259 426 46 46
2 399 422 50 50
2 504 415 54 50
2 491 312 48 47
2 360 217 51 50
/* labels for image6.jpg */
1 519 408 49 49
1 413 417 50 51
1 275 423 46 48
1 148 425 50 52
1 140 298 57 55
1 215 219 50 51
2 376 212 41 41
2 507 303 39 40
